5.11342 -0.07492 0.00257 0.01957 0.00379 0.00265
-0.07492 5.10284 0.00682 -0.00674 0.00005 0.02641
0.00257 0.00682 2.56933 -0.00206 -0.00900 0.02231
0.01957 -0.00674 -0.00206 0.92534 -0.00151 -0.00212
0.00379 0.00005 -0.00900 -0.00151 0.90963 0.00197
0.00265 0.02641 0.02231 -0.00212 0.00197 0.90614
